Case #1:
10000000000000000000000000000011 83 7 2 2 2 2 2 2 2
10000000000000000000000000000101 7 13 2 2 2 2 2 2 2
10000000000000000000000000000111 3 2 2 2 2 2 2 2 2
10000000000000000000000000001001 11 5 2 2 2 2 2 2 2
10000000000000000000000000001101 3 2 2 2 2 2 2 2 2
10000000000000000000000000010011 3 2 2 2 2 2 2 2 2
10000000000000000000000000011001 3 2 2 2 2 2 2 2 2
10000000000000000000000000011101 31 5 2 2 2 2 2 2 2
10000000000000000000000000011111 3 2 2 2 2 2 2 2 2
10000000000000000000000000100011 19 2 2 2 2 2 2 2 2
10000000000000000000000000100101 3 2 2 2 2 2 2 2 2
10000000000000000000000000101011 3 163 2 2 2 2 2 2 2
10000000000000000000000000101111 5 2 2 2 2 2 2 2 2
10000000000000000000000000110001 3 2 2 2 2 2 2 2 2
10000000000000000000000000111001 5 317 2 2 2 2 2 2 2
10000000000000000000000000111101 3 2 2 2 2 2 2 2 2
10000000000000000000000001000011 3 2 2 2 2 2 2 2 2
10000000000000000000000001000101 373 2 2 2 2 2 2 2 2
10000000000000000000000001001001 3 2 2 2 2 2 2 2 2
10000000000000000000000001001011 7 7 2 2 2 2 2 2 2
10000000000000000000000001001111 3 2 2 2 2 2 2 2 2
10000000000000000000000001010111 5 2 2 2 2 2 2 2 2
10000000000000000000000001011001 7 5 2 2 2 2 2 2 2
10000000000000000000000001011011 3 2 2 2 2 2 2 2 2
10000000000000000000000001011101 13 2 2 2 2 2 2 2 2
10000000000000000000000001100001 3 2 2 2 2 2 2 2 2
10000000000000000000000001100111 3 2 2 2 2 2 2 2 2
10000000000000000000000001101101 3 2 2 2 2 2 2 2 2
10000000000000000000000001101111 19 7 2 2 2 2 2 2 2
10000000000000000000000001110011 3 2 2 2 2 2 2 2 2
10000000000000000000000001110101 5 2 2 2 2 2 2 2 2
10000000000000000000000001111001 3 2 2 2 2 2 2 2 2
10000000000000000000000001111111 3 2 2 2 2 2 2 2 2
10000000000000000000000010000101 3 2 2 2 2 2 2 2 2
10000000000000000000000010001001 5 2 2 2 2 2 2 2 2
10000000000000000000000010001011 3 5 2 2 2 2 2 2 2
10000000000000000000000010001111 359 2 2 2 2 2 2 2 2
10000000000000000000000010010001 3 2 2 2 2 2 2 2 2
10000000000000000000000010010101 19 5 2 2 2 2 2 2 2
10000000000000000000000010010111 3 2 2 2 2 2 2 2 2
10000000000000000000000010011001 31 11 2 2 2 2 2 2 2
10000000000000000000000010011101 3 2 2 2 2 2 2 2 2
10000000000000000000000010011111 7 5 2 2 2 2 2 2 2
10000000000000000000000010100111 5 2 2 2 2 2 2 2 2
10000000000000000000000010101011 13 2 2 2 2 2 2 2 2
10000000000000000000000010101101 7 2 2 2 2 2 2 2 2
10000000000000000000000010110101 3 2 2 2 2 2 2 2 2
10000000000000000000000010111001 11 2 2 2 2 2 2 2 2
10000000000000000000000011000011 17 337 2 2 2 2 2 2 2
10000000000000000000000011001001 7 7 2 2 2 2 2 2 2
10000000000000000000000011001011 73 2 2 2 2 2 2 2 2
10000000000000000000000011001101 3 2 2 2 2 2 2 2 2
10000000000000000000000011001111 5 11 2 2 2 2 2 2 2
10000000000000000000000011010011 3 2 2 2 2 2 2 2 2
10000000000000000000000011011001 3 2 2 2 2 2 2 2 2
10000000000000000000000011011111 3 2 2 2 2 2 2 2 2
10000000000000000000000011100011 5 2 2 2 2 2 2 2 2
10000000000000000000000011100101 3 2 2 2 2 2 2 2 2
10000000000000000000000011101011 3 17 2 2 2 2 2 2 2
10000000000000000000000011110001 3 2 2 2 2 2 2 2 2
10000000000000000000000011110111 3 2 2 2 2 2 2 2 2
10000000000000000000000011111011 11 2 2 2 2 2 2 2 2
10000000000000000000000011111101 3 2 2 2 2 2 2 2 2
10000000000000000000000100000001 5 13 2 2 2 2 2 2 2
10000000000000000000000100000011 3 2 2 2 2 2 2 2 2
10000000000000000000000100001001 3 2 2 2 2 2 2 2 2
10000000000000000000000100001101 101 5 2 2 2 2 2 2 2
10000000000000000000000100001111 3 2 2 2 2 2 2 2 2
10000000000000000000000100010001 11 2 2 2 2 2 2 2 2
10000000000000000000000100010011 13 47 2 2 2 2 2 2 2
10000000000000000000000100010101 3 11 2 2 2 2 2 2 2
10000000000000000000000100011101 7 2 2 2 2 2 2 2 2
10000000000000000000000100011111 5 7 2 2 2 2 2 2 2
10000000000000000000000100100001 3 2 2 2 2 2 2 2 2
10000000000000000000000100100011 79 5 2 2 2 2 2 2 2
10000000000000000000000100100101 23 79 2 2 2 2 2 2 2
10000000000000000000000100100111 3 2 2 2 2 2 2 2 2
10000000000000000000000100101001 5 239 2 2 2 2 2 2 2
10000000000000000000000100101011 7 2 2 2 2 2 2 2 2
10000000000000000000000100101101 3 2 2 2 2 2 2 2 2
10000000000000000000000100110011 3 2 2 2 2 2 2 2 2
10000000000000000000000100111001 3 2 2 2 2 2 2 2 2
10000000000000000000000100111011 71 11 2 2 2 2 2 2 2
10000000000000000000000101000111 5 2 2 2 2 2 2 2 2
10000000000000000000000101001001 103 5 2 2 2 2 2 2 2
10000000000000000000000101001011 3 2 2 2 2 2 2 2 2
10000000000000000000000101010001 3 17 2 2 2 2 2 2 2
10000000000000000000000101010011 11 2 2 2 2 2 2 2 2
10000000000000000000000101011101 3 5 2 2 2 2 2 2 2
10000000000000000000000101100001 13 89 2 2 2 2 2 2 2
10000000000000000000000101100011 3 2 2 2 2 2 2 2 2
10000000000000000000000101100101 5 2 2 2 2 2 2 2 2
10000000000000000000000101101001 3 2 2 2 2 2 2 2 2
10000000000000000000000101101111 3 2 2 2 2 2 2 2 2
10000000000000000000000101110001 7 2 2 2 2 2 2 2 2
10000000000000000000000101110011 41 5 2 2 2 2 2 2 2
10000000000000000000000101110101 3 19 2 2 2 2 2 2 2
10000000000000000000000101110111 199 2 2 2 2 2 2 2 2
10000000000000000000000101111001 5 11 2 2 2 2 2 2 2
10000000000000000000000101111011 3 2 2 2 2 2 2 2 2
10000000000000000000000101111111 7 13 2 2 2 2 2 2 2
10000000000000000000000110000001 3 2 2 2 2 2 2 2 2
10000000000000000000000110001101 3 2 2 2 2 2 2 2 2
10000000000000000000000110010001 31 11 2 2 2 2 2 2 2
10000000000000000000000110010011 3 2 2 2 2 2 2 2 2
10000000000000000000000110010111 5 41 2 2 2 2 2 2 2
10000000000000000000000110011001 3 2 2 2 2 2 2 2 2
10000000000000000000000110011111 3 2 2 2 2 2 2 2 2
10000000000000000000000110100001 5 7 2 2 2 2 2 2 2
10000000000000000000000110100011 67 2 2 2 2 2 2 2 2
10000000000000000000000110100101 3 2 2 2 2 2 2 2 2
10000000000000000000000110101001 7 2 2 2 2 2 2 2 2
10000000000000000000000110110001 3 2 2 2 2 2 2 2 2
10000000000000000000000110110111 3 2 2 2 2 2 2 2 2
10000000000000000000000110111101 3 2 2 2 2 2 2 2 2
10000000000000000000000111000001 11 5 2 2 2 2 2 2 2
10000000000000000000000111000011 3 2 2 2 2 2 2 2 2
10000000000000000000000111000101 7 2 2 2 2 2 2 2 2
10000000000000000000000111001001 3 2 2 2 2 2 2 2 2
10000000000000000000000111001111 3 2 2 2 2 2 2 2 2
10000000000000000000000111010101 3 5 2 2 2 2 2 2 2
10000000000000000000000111010111 11 2 2 2 2 2 2 2 2
10000000000000000000000111011011 3 2 2 2 2 2 2 2 2
10000000000000000000000111100001 3 2 2 2 2 2 2 2 2
10000000000000000000000111100111 3 2 2 2 2 2 2 2 2
10000000000000000000000111101001 461 5 2 2 2 2 2 2 2
10000000000000000000000111101101 3 2 2 2 2 2 2 2 2
10000000000000000000000111101111 7 13 2 2 2 2 2 2 2
10000000000000000000000111110101 17 2 2 2 2 2 2 2 2
10000000000000000000000111111101 7 5 2 2 2 2 2 2 2
10000000000000000000000111111111 3 2 2 2 2 2 2 2 2
10000000000000000000001000000011 11 2 2 2 2 2 2 2 2
10000000000000000000001000000101 3 2 2 2 2 2 2 2 2
10000000000000000000001000001101 31 11 2 2 2 2 2 2 2
10000000000000000000001000001111 5 2 2 2 2 2 2 2 2
10000000000000000000001000010001 3 2 2 2 2 2 2 2 2
10000000000000000000001000010111 3 2 2 2 2 2 2 2 2
10000000000000000000001000100111 7 2 2 2 2 2 2 2 2
10000000000000000000001000101001 3 7 2 2 2 2 2 2 2
10000000000000000000001000101101 5 2 2 2 2 2 2 2 2
10000000000000000000001000101111 3 131 2 2 2 2 2 2 2
10000000000000000000001000110101 3 2 2 2 2 2 2 2 2
10000000000000000000001000110111 5 17 2 2 2 2 2 2 2
10000000000000000000001000111001 17 2 2 2 2 2 2 2 2
10000000000000000000001001000001 3 2 2 2 2 2 2 2 2
10000000000000000000001001000111 3 2 2 2 2 2 2 2 2
10000000000000000000001001001011 5 2 2 2 2 2 2 2 2
10000000000000000000001001010011 3 2 2 2 2 2 2 2 2
10000000000000000000001001010101 5 2 2 2 2 2 2 2 2
10000000000000000000001001011001 3 2 2 2 2 2 2 2 2
10000000000000000000001001011011 11 13 2 2 2 2 2 2 2
10000000000000000000001001011101 19 17 2 2 2 2 2 2 2
10000000000000000000001001011111 3 2 2 2 2 2 2 2 2
10000000000000000000001001100101 3 2 2 2 2 2 2 2 2
10000000000000000000001001100111 23 5 2 2 2 2 2 2 2
10000000000000000000001001101001 5 2 2 2 2 2 2 2 2
10000000000000000000001001110001 3 2 2 2 2 2 2 2 2
10000000000000000000001001111011 7 2 2 2 2 2 2 2 2
10000000000000000000001001111101 3 2 2 2 2 2 2 2 2
10000000000000000000001010000011 3 19 2 2 2 2 2 2 2
10000000000000000000001010000101 89 41 2 2 2 2 2 2 2
10000000000000000000001010000111 5 2 2 2 2 2 2 2 2
10000000000000000000001010001001 3 5 2 2 2 2 2 2 2
10000000000000000000001010001101 59 2 2 2 2 2 2 2 2
10000000000000000000001010010011 29 2 2 2 2 2 2 2 2
10000000000000000000001010010101 3 2 2 2 2 2 2 2 2
10000000000000000000001010011001 13 2 2 2 2 2 2 2 2
10000000000000000000001010011111 17 2 2 2 2 2 2 2 2
10000000000000000000001010100101 5 2 2 2 2 2 2 2 2
10000000000000000000001010100111 3 41 2 2 2 2 2 2 2
10000000000000000000001010101001 19 2 2 2 2 2 2 2 2
10000000000000000000001010101111 5 2 2 2 2 2 2 2 2
10000000000000000000001010110011 3 5 2 2 2 2 2 2 2
10000000000000000000001010110101 307 997 2 2 2 2 2 2 2
10000000000000000000001010110111 233 2 2 2 2 2 2 2 2
10000000000000000000001010111111 3 59 2 2 2 2 2 2 2
10000000000000000000001011000001 7 7 2 2 2 2 2 2 2
10000000000000000000001011000011 5 2 2 2 2 2 2 2 2
10000000000000000000001011000101 3 2 2 2 2 2 2 2 2
10000000000000000000001011001001 11 2 2 2 2 2 2 2 2
10000000000000000000001011001111 7 2 2 2 2 2 2 2 2
10000000000000000000001011010001 3 2 2 2 2 2 2 2 2
10000000000000000000001011010111 3 2 2 2 2 2 2 2 2
10000000000000000000001011011101 3 2 2 2 2 2 2 2 2
10000000000000000000001011100001 5 2 2 2 2 2 2 2 2
10000000000000000000001011100101 71 7 2 2 2 2 2 2 2
10000000000000000000001011101011 5 2 2 2 2 2 2 2 2
10000000000000000000001011110001 23 617 2 2 2 2 2 2 2
10000000000000000000001011110011 37 2 2 2 2 2 2 2 2
10000000000000000000001011110101 3 2 2 2 2 2 2 2 2
10000000000000000000001011111011 3 11 2 2 2 2 2 2 2
10000000000000000000001011111111 5 2 2 2 2 2 2 2 2
10000000000000000000001100000001 3 2 2 2 2 2 2 2 2
10000000000000000000001100000101 17 7 2 2 2 2 2 2 2
10000000000000000000001100000111 3 2 2 2 2 2 2 2 2
10000000000000000000001100001101 3 2 2 2 2 2 2 2 2
10000000000000000000001100010011 3 2 2 2 2 2 2 2 2
10000000000000000000001100010101 7 2 2 2 2 2 2 2 2
10000000000000000000001100011001 3 2 2 2 2 2 2 2 2
10000000000000000000001100011011 13 73 2 2 2 2 2 2 2
10000000000000000000001100011111 3 2 2 2 2 2 2 2 2
10000000000000000000001100100001 11 5 2 2 2 2 2 2 2
10000000000000000000001100100101 3 2 2 2 2 2 2 2 2
10000000000000000000001100110001 3 2 2 2 2 2 2 2 2
10000000000000000000001100110101 13 5 2 2 2 2 2 2 2
10000000000000000000001100110111 3 2 2 2 2 2 2 2 2
10000000000000000000001100111001 47 139 2 2 2 2 2 2 2
10000000000000000000001100111011 5 2 2 2 2 2 2 2 2
10000000000000000000001100111101 3 2 2 2 2 2 2 2 2
10000000000000000000001100111111 7 5 2 2 2 2 2 2 2
10000000000000000000001101000011 3 2 2 2 2 2 2 2 2
10000000000000000000001101000111 271 359 2 2 2 2 2 2 2
10000000000000000000001101001001 3 2 2 2 2 2 2 2 2
10000000000000000000001101001111 3 2 2 2 2 2 2 2 2
10000000000000000000001101011011 3 2 2 2 2 2 2 2 2
10000000000000000000001101100011 5 7 2 2 2 2 2 2 2
10000000000000000000001101100111 3 2 2 2 2 2 2 2 2
10000000000000000000001101101011 17 2 2 2 2 2 2 2 2
10000000000000000000001101101101 3 2 2 2 2 2 2 2 2
10000000000000000000001101110011 3 2 2 2 2 2 2 2 2
10000000000000000000001101110111 5 11 2 2 2 2 2 2 2
10000000000000000000001101111001 3 2 2 2 2 2 2 2 2
10000000000000000000001101111011 23 5 2 2 2 2 2 2 2
10000000000000000000001101111111 3 2 2 2 2 2 2 2 2
10000000000000000000001110000001 5 11 2 2 2 2 2 2 2
10000000000000000000001110000011 13 2 2 2 2 2 2 2 2
10000000000000000000001110000101 3 2 2 2 2 2 2 2 2
10000000000000000000001110001111 11 2 2 2 2 2 2 2 2
10000000000000000000001110010101 5 7 2 2 2 2 2 2 2
10000000000000000000001110010111 3 2 2 2 2 2 2 2 2
10000000000000000000001110011101 3 2 2 2 2 2 2 2 2
10000000000000000000001110101111 3 13 2 2 2 2 2 2 2
10000000000000000000001110110101 3 2 2 2 2 2 2 2 2
10000000000000000000001110110111 13 5 2 2 2 2 2 2 2
10000000000000000000001110111101 5 13 2 2 2 2 2 2 2
10000000000000000000001110111111 31 2 2 2 2 2 2 2 2
10000000000000000000001111000001 3 2 2 2 2 2 2 2 2
10000000000000000000001111000111 3 2 2 2 2 2 2 2 2
10000000000000000000001111001101 3 2 2 2 2 2 2 2 2
10000000000000000000001111010001 5 5701 2 2 2 2 2 2 2
10000000000000000000001111010011 3 2 2 2 2 2 2 2 2
10000000000000000000001111011001 3 2 2 2 2 2 2 2 2
10000000000000000000001111011111 3 2 2 2 2 2 2 2 2
10000000000000000000001111100101 3 2 2 2 2 2 2 2 2
10000000000000000000001111100111 7 13 2 2 2 2 2 2 2
10000000000000000000001111101001 89 2 2 2 2 2 2 2 2
10000000000000000000001111101111 5 2 2 2 2 2 2 2 2
10000000000000000000001111110001 3 2 2 2 2 2 2 2 2
10000000000000000000001111110011 17 5 2 2 2 2 2 2 2
10000000000000000000001111110101 7 13 2 2 2 2 2 2 2
10000000000000000000001111110111 3 2 2 2 2 2 2 2 2
10000000000000000000001111111101 3 2 2 2 2 2 2 2 2
10000000000000000000010000000011 3 2 2 2 2 2 2 2 2
10000000000000000000010000000101 13 2 2 2 2 2 2 2 2
10000000000000000000010000001001 3 2 2 2 2 2 2 2 2
10000000000000000000010000001101 5 17 2 2 2 2 2 2 2
10000000000000000000010000001111 3 2 2 2 2 2 2 2 2
10000000000000000000010000010011 11 13 2 2 2 2 2 2 2
10000000000000000000010000010111 5 2 2 2 2 2 2 2 2
10000000000000000000010000011011 3 2 2 2 2 2 2 2 2
10000000000000000000010000011111 7 37 2 2 2 2 2 2 2
10000000000000000000010000100001 3 2 2 2 2 2 2 2 2
10000000000000000000010000101001 11 11 2 2 2 2 2 2 2
10000000000000000000010000101011 5 2 2 2 2 2 2 2 2
10000000000000000000010000101101 3 2 2 2 2 2 2 2 2
10000000000000000000010000110011 3 2 2 2 2 2 2 2 2
10000000000000000000010000110101 5 2 2 2 2 2 2 2 2
10000000000000000000010000110111 17 11 2 2 2 2 2 2 2
10000000000000000000010000111001 3 2 2 2 2 2 2 2 2
10000000000000000000010000111111 3 2 2 2 2 2 2 2 2
10000000000000000000010001000001 67 2 2 2 2 2 2 2 2
10000000000000000000010001000101 3 5 2 2 2 2 2 2 2
10000000000000000000010001001011 3 2 2 2 2 2 2 2 2
10000000000000000000010001010011 5 2 2 2 2 2 2 2 2
10000000000000000000010001010101 11 2 2 2 2 2 2 2 2
10000000000000000000010001011001 17 2 2 2 2 2 2 2 2
10000000000000000000010001011101 3 7 2 2 2 2 2 2 2
10000000000000000000010001100001 23 7 2 2 2 2 2 2 2
10000000000000000000010001100011 3 2 2 2 2 2 2 2 2
10000000000000000000010001100101 7 2 2 2 2 2 2 2 2
10000000000000000000010001101011 11 131 2 2 2 2 2 2 2
10000000000000000000010001101111 3 2 2 2 2 2 2 2 2
10000000000000000000010001110001 5 2 2 2 2 2 2 2 2
10000000000000000000010001110101 3 11 2 2 2 2 2 2 2
10000000000000000000010001111011 3 2 2 2 2 2 2 2 2
10000000000000000000010010000001 3 2 2 2 2 2 2 2 2
10000000000000000000010010000111 3 2 2 2 2 2 2 2 2
10000000000000000000010010001101 3 2 2 2 2 2 2 2 2
10000000000000000000010010010011 3 2 2 2 2 2 2 2 2
10000000000000000000010010011001 3 2 2 2 2 2 2 2 2
10000000000000000000010010011101 7 47 2 2 2 2 2 2 2
10000000000000000000010010100011 5 2 2 2 2 2 2 2 2
10000000000000000000010010100101 3 2 2 2 2 2 2 2 2
10000000000000000000010010110001 3 2 2 2 2 2 2 2 2
10000000000000000000010010110111 3 2 2 2 2 2 2 2 2
10000000000000000000010010111011 13 2 2 2 2 2 2 2 2
10000000000000000000010010111101 3 2 2 2 2 2 2 2 2
10000000000000000000010011000011 3 2 2 2 2 2 2 2 2
10000000000000000000010011000111 7 5 2 2 2 2 2 2 2
10000000000000000000010011001001 3 2 2 2 2 2 2 2 2
10000000000000000000010011001011 5 7 2 2 2 2 2 2 2
10000000000000000000010011001111 3 2 2 2 2 2 2 2 2
10000000000000000000010011010101 3 37 2 2 2 2 2 2 2
10000000000000000000010011010111 29 2 2 2 2 2 2 2 2
10000000000000000000010011011011 3 2 2 2 2 2 2 2 2
10000000000000000000010011011101 479 2 2 2 2 2 2 2 2
10000000000000000000010011011111 5 233 2 2 2 2 2 2 2
10000000000000000000010011100001 3 2 2 2 2 2 2 2 2
10000000000000000000010011101001 5 29 2 2 2 2 2 2 2
10000000000000000000010011101101 3 2 2 2 2 2 2 2 2
10000000000000000000010011101111 11 5 2 2 2 2 2 2 2
10000000000000000000010011110011 3 2 2 2 2 2 2 2 2
10000000000000000000010011110101 31 2 2 2 2 2 2 2 2
10000000000000000000010011111001 3 2 2 2 2 2 2 2 2
10000000000000000000010011111111 3 2 2 2 2 2 2 2 2
10000000000000000000010100000011 17 17 2 2 2 2 2 2 2
10000000000000000000010100001001 13 5 2 2 2 2 2 2 2
10000000000000000000010100001011 3 2 2 2 2 2 2 2 2
10000000000000000000010100001111 47 7 2 2 2 2 2 2 2
10000000000000000000010100010001 3 7 2 2 2 2 2 2 2
10000000000000000000010100011001 23 2 2 2 2 2 2 2 2
10000000000000000000010100011011 5 11 2 2 2 2 2 2 2
10000000000000000000010100011101 3 5 2 2 2 2 2 2 2
10000000000000000000010100100011 3 2 2 2 2 2 2 2 2
10000000000000000000010100100101 5 2 2 2 2 2 2 2 2
10000000000000000000010100101001 3 2 2 2 2 2 2 2 2
10000000000000000000010100101111 3 2 2 2 2 2 2 2 2
10000000000000000000010100110001 11 2 2 2 2 2 2 2 2
10000000000000000000010100110011 31 5 2 2 2 2 2 2 2
10000000000000000000010100110111 7 2 2 2 2 2 2 2 2
10000000000000000000010100111011 3 2 2 2 2 2 2 2 2
10000000000000000000010101000011 5 2 2 2 2 2 2 2 2
10000000000000000000010101000101 7 2 2 2 2 2 2 2 2
10000000000000000000010101001111 103 2 2 2 2 2 2 2 2
10000000000000000000010101010011 3 919 2 2 2 2 2 2 2
10000000000000000000010101010111 5 2 2 2 2 2 2 2 2
10000000000000000000010101011001 3 5 2 2 2 2 2 2 2
10000000000000000000010101100001 5 2 2 2 2 2 2 2 2
10000000000000000000010101100101 3 521 2 2 2 2 2 2 2
10000000000000000000010101101011 3 2 2 2 2 2 2 2 2
10000000000000000000010101101101 47 2 2 2 2 2 2 2 2
10000000000000000000010101110101 5 2 2 2 2 2 2 2 2
10000000000000000000010101111101 3 7 2 2 2 2 2 2 2
10000000000000000000010110000011 3 2 2 2 2 2 2 2 2
10000000000000000000010110000101 29 2 2 2 2 2 2 2 2
10000000000000000000010110001001 3 2 2 2 2 2 2 2 2
10000000000000000000010110001011 7 5 2 2 2 2 2 2 2
10000000000000000000010110011011 3 2 2 2 2 2 2 2 2
10000000000000000000010110011101 5 2 2 2 2 2 2 2 2
10000000000000000000010110011111 11 5 2 2 2 2 2 2 2
10000000000000000000010110100001 3 2 2 2 2 2 2 2 2
10000000000000000000010110100011 23 7 2 2 2 2 2 2 2
10000000000000000000010110100101 13 37 2 2 2 2 2 2 2
10000000000000000000010110100111 3 2 2 2 2 2 2 2 2
10000000000000000000010110101101 3 2 2 2 2 2 2 2 2
10000000000000000000010110110101 7 2 2 2 2 2 2 2 2
10000000000000000000010110111001 3 2 2 2 2 2 2 2 2
10000000000000000000010110111111 3 2 2 2 2 2 2 2 2
10000000000000000000010111001011 3 2 2 2 2 2 2 2 2
10000000000000000000010111010001 3 5 2 2 2 2 2 2 2
10000000000000000000010111010011 67 2 2 2 2 2 2 2 2
10000000000000000000010111010111 3 41 2 2 2 2 2 2 2
10000000000000000000010111011001 5 2 2 2 2 2 2 2 2
10000000000000000000010111100011 3 2 2 2 2 2 2 2 2
10000000000000000000010111101101 5 13 2 2 2 2 2 2 2
10000000000000000000010111101111 3 2 2 2 2 2 2 2 2
10000000000000000000010111110111 5 2 2 2 2 2 2 2 2
10000000000000000000010111111001 29 5 2 2 2 2 2 2 2
10000000000000000000010111111011 3 2 2 2 2 2 2 2 2
10000000000000000000010111111111 23 11 2 2 2 2 2 2 2
10000000000000000000011000000001 3 2 2 2 2 2 2 2 2
10000000000000000000011000000111 3 2 2 2 2 2 2 2 2
10000000000000000000011000001011 5 2 2 2 2 2 2 2 2
10000000000000000000011000001101 3 2 2 2 2 2 2 2 2
10000000000000000000011000010011 3 2 2 2 2 2 2 2 2
10000000000000000000011000010101 5 2 2 2 2 2 2 2 2
10000000000000000000011000011001 3 2 2 2 2 2 2 2 2
10000000000000000000011000011101 103 313 2 2 2 2 2 2 2
10000000000000000000011000011111 3 2 2 2 2 2 2 2 2
10000000000000000000011000100001 37 17 2 2 2 2 2 2 2
10000000000000000000011000100011 11 2 2 2 2 2 2 2 2
10000000000000000000011000100101 3 2 2 2 2 2 2 2 2
10000000000000000000011000100111 13 5 2 2 2 2 2 2 2
10000000000000000000011000101001 5 2 2 2 2 2 2 2 2
10000000000000000000011000101111 43 2 2 2 2 2 2 2 2
10000000000000000000011000110001 3 2 2 2 2 2 2 2 2
10000000000000000000011000110111 3 2 2 2 2 2 2 2 2
10000000000000000000011000111101 3 2 2 2 2 2 2 2 2
10000000000000000000011001000011 3 2 2 2 2 2 2 2 2
10000000000000000000011001001001 3 2 2 2 2 2 2 2 2
10000000000000000000011001001111 3 2 2 2 2 2 2 2 2
10000000000000000000011001010101 3 7 2 2 2 2 2 2 2
10000000000000000000011001010111 17 2 2 2 2 2 2 2 2
10000000000000000000011001011011 3 2 2 2 2 2 2 2 2
10000000000000000000011001011101 7 2 2 2 2 2 2 2 2
10000000000000000000011001100001 3 2 2 2 2 2 2 2 2
10000000000000000000011001100101 5 11 2 2 2 2 2 2 2
10000000000000000000011001101101 3 2 2 2 2 2 2 2 2
10000000000000000000011001110001 61 19 2 2 2 2 2 2 2
10000000000000000000011001110011 3 2 2 2 2 2 2 2 2
10000000000000000000011001111001 3 2 2 2 2 2 2 2 2
10000000000000000000011001111011 11 37 2 2 2 2 2 2 2
10000000000000000000011001111111 3 2 2 2 2 2 2 2 2
10000000000000000000011010000011 5 2 2 2 2 2 2 2 2
10000000000000000000011010000101 3 2 2 2 2 2 2 2 2
10000000000000000000011010010001 3 2 2 2 2 2 2 2 2
10000000000000000000011010010011 41 431 2 2 2 2 2 2 2
10000000000000000000011010010111 3 2 2 2 2 2 2 2 2
10000000000000000000011010011101 3 2 2 2 2 2 2 2 2
10000000000000000000011010100001 5 2 2 2 2 2 2 2 2
10000000000000000000011010100011 3 11 2 2 2 2 2 2 2
10000000000000000000011010100111 11 2 2 2 2 2 2 2 2
10000000000000000000011010101011 5 2 2 2 2 2 2 2 2
10000000000000000000011010110101 3 2 2 2 2 2 2 2 2
10000000000000000000011010111011 3 7 2 2 2 2 2 2 2
10000000000000000000011010111101 11 43 2 2 2 2 2 2 2
10000000000000000000011010111111 5 2 2 2 2 2 2 2 2
10000000000000000000011011000001 3 2 2 2 2 2 2 2 2
10000000000000000000011011000011 13 7 2 2 2 2 2 2 2
10000000000000000000011011000111 3 2 2 2 2 2 2 2 2
10000000000000000000011011001001 5 13 2 2 2 2 2 2 2
10000000000000000000011011001101 3 2 2 2 2 2 2 2 2
10000000000000000000011011010011 3 2 2 2 2 2 2 2 2
10000000000000000000011011011001 3 2 2 2 2 2 2 2 2
10000000000000000000011011011011 7 11 2 2 2 2 2 2 2
10000000000000000000011011011111 3 2 2 2 2 2 2 2 2
10000000000000000000011011100101 3 2 2 2 2 2 2 2 2
10000000000000000000011011100111 5 7 2 2 2 2 2 2 2
10000000000000000000011011101011 3 107 2 2 2 2 2 2 2
10000000000000000000011011110001 3 2 2 2 2 2 2 2 2
10000000000000000000011011110111 3 2 2 2 2 2 2 2 2
10000000000000000000011011111011 5 2 2 2 2 2 2 2 2
10000000000000000000011011111101 3 2 2 2 2 2 2 2 2
10000000000000000000011100000011 3 2 2 2 2 2 2 2 2
10000000000000000000011100000101 5 2 2 2 2 2 2 2 2
10000000000000000000011100001111 3 2 2 2 2 2 2 2 2
10000000000000000000011100010001 13 2 2 2 2 2 2 2 2
10000000000000000000011100010011 7 5 2 2 2 2 2 2 2
10000000000000000000011100011001 5 17 2 2 2 2 2 2 2
10000000000000000000011100011011 3 2 2 2 2 2 2 2 2
10000000000000000000011100011101 19 2 2 2 2 2 2 2 2
10000000000000000000011100100001 3 2 2 2 2 2 2 2 2
10000000000000000000011100101101 3 2 2 2 2 2 2 2 2
10000000000000000000011100110011 3 2 2 2 2 2 2 2 2
10000000000000000000011100110101 347 2 2 2 2 2 2 2 2
10000000000000000000011100110111 5 101 2 2 2 2 2 2 2
10000000000000000000011100111101 7 11 2 2 2 2 2 2 2
10000000000000000000011100111111 3 2 2 2 2 2 2 2 2
10000000000000000000011101000001 5 2 2 2 2 2 2 2 2
10000000000000000000011101000101 3 37 2 2 2 2 2 2 2
10000000000000000000011101001011 3 2 2 2 2 2 2 2 2
10000000000000000000011101010001 3 7 2 2 2 2 2 2 2
10000000000000000000011101010101 5 2 2 2 2 2 2 2 2
10000000000000000000011101010111 3 11 2 2 2 2 2 2 2
10000000000000000000011101011111 5 2 2 2 2 2 2 2 2
10000000000000000000011101100011 3 2 2 2 2 2 2 2 2
10000000000000000000011101100101 61 2 2 2 2 2 2 2 2
10000000000000000000011101100111 7 5 2 2 2 2 2 2 2
10000000000000000000011101101001 3 2 2 2 2 2 2 2 2
10000000000000000000011101101111 3 2 2 2 2 2 2 2 2
10000000000000000000011101110101 3 7 2 2 2 2 2 2 2
10000000000000000000011101111011 3 2 2 2 2 2 2 2 2
10000000000000000000011101111101 5 2 2 2 2 2 2 2 2
10000000000000000000011110000001 3 2 2 2 2 2 2 2 2
10000000000000000000011110000111 3 2 2 2 2 2 2 2 2
10000000000000000000011110001001 17 5 2 2 2 2 2 2 2
10000000000000000000011110001101 3 2 2 2 2 2 2 2 2
10000000000000000000011110001111 19 23 2 2 2 2 2 2 2
10000000000000000000011110010001 5 41 2 2 2 2 2 2 2
10000000000000000000011110010011 3 2 2 2 2 2 2 2 2
10000000000000000000011110011001 3 2 2 2 2 2 2 2 2
10000000000000000000011110011111 3 2 2 2 2 2 2 2 2
10000000000000000000011110100011 73 2 2 2 2 2 2 2 2
10000000000000000000011110100101 3 2 2 2 2 2 2 2 2
10000000000000000000011110101001 151 2 2 2 2 2 2 2 2
10000000000000000000011110101101 7 13 2 2 2 2 2 2 2
10000000000000000000011110101111 5 2 2 2 2 2 2 2 2
10000000000000000000011110110001 3 2 2 2 2 2 2 2 2
10000000000000000000011110111001 5 11 2 2 2 2 2 2 2
10000000000000000000011111000011 3 2 2 2 2 2 2 2 2
10000000000000000000011111000101 11 2 2 2 2 2 2 2 2
10000000000000000000011111000111 13 19 2 2 2 2 2 2 2
10000000000000000000011111001001 3 2 2 2 2 2 2 2 2
10000000000000000000011111001011 23 313 2 2 2 2 2 2 2
10000000000000000000011111001101 5 7 2 2 2 2 2 2 2
10000000000000000000011111010111 5 2 2 2 2 2 2 2 2
10000000000000000000011111011011 3 2 2 2 2 2 2 2 2
10000000000000000000011111011101 31 2 2 2 2 2 2 2 2
10000000000000000000011111100001 3 2 2 2 2 2 2 2 2
10000000000000000000011111100101 7 13 2 2 2 2 2 2 2
10000000000000000000011111100111 3 2 2 2 2 2 2 2 2
10000000000000000000011111101011 5 2 2 2 2 2 2 2 2
10000000000000000000011111101101 3 2 2 2 2 2 2 2 2
10000000000000000000011111110011 3 2 2 2 2 2 2 2 2
10000000000000000000011111110101 5 2 2 2 2 2 2 2 2
10000000000000000000011111111001 3 2 2 2 2 2 2 2 2
10000000000000000000011111111011 13 17 2 2 2 2 2 2 2
10000000000000000000011111111111 3 2 2 2 2 2 2 2 2
10000000000000000000100000000001 7 5 2 2 2 2 2 2 2
10000000000000000000100000000101 3 2 2 2 2 2 2 2 2
