Case #1:
1000000000000001 3 2 5 2 7 2 3 2 7
1000000000000111 3 2 5 2 7 2 3 2 11
1000000000010011 3 2 5 2 7 2 3 2 7
1000000000011001 3 2 5 2 7 2 3 2 11
1000000000011111 3 2 3 2 7 2 3 2 3
1000000000100101 3 2 5 2 7 2 3 2 7
1000000000101111 5 2 3 2 37 2 5 2 3
1000000000110111 3 2 3 2 7 2 3 2 3
1000000000111011 17 2 3 2 73 2 17 2 3
1000000000111101 3 2 3 2 7 2 3 2 3
1000000001000011 3 2 5 2 7 2 3 2 11
1000000001001001 3 2 5 2 7 2 3 2 7
1000000001011011 3 2 3 2 7 2 3 2 3
1000000001100001 3 2 5 2 7 2 3 2 11
1000000001101101 3 2 3 2 7 2 3 2 3
1000000001110011 3 2 3 2 7 2 3 2 3
1000000001110101 5 2 3 2 37 2 5 2 3
1000000001111111 3 2 5 2 7 2 3 2 7
1000000010000101 3 2 5 2 7 2 3 2 11
1000000010010001 3 2 5 2 7 2 3 2 7
1000000010011101 3 2 3 2 7 2 3 2 3
1000000010100111 5 2 3 2 37 2 5 2 3
1000000010110101 3 2 3 2 7 2 3 2 3
1000000011000111 3 2 3 2 7 2 3 2 3
1000000011001101 3 2 3 2 7 2 3 2 3
1000000011011001 3 2 3 2 7 2 3 2 3
1000000011100011 5 2 3 2 37 2 5 2 3
1000000011100101 3 2 3 2 7 2 3 2 3
1000000011110111 3 2 5 2 7 2 3 2 11
1000000011111101 3 2 5 2 7 2 3 2 7
1000000100001001 3 2 5 2 7 2 3 2 11
1000000100010111 7 2 3 2 11 2 73 2 3
1000000100011011 3 2 3 2 7 2 3 2 3
1000000100100001 3 2 5 2 7 2 3 2 7
1000000100100111 3 2 3 2 7 2 3 2 3
1000000100101101 3 2 3 2 7 2 3 2 3
1000000100110011 3 2 3 2 7 2 3 2 3
1000000101001011 3 2 3 2 7 2 3 2 3
1000000101100011 3 2 3 2 7 2 3 2 3
1000000101100101 5 2 3 2 11 2 5 2 3
1000000101101001 3 2 3 2 7 2 3 2 3
1000000101101111 3 2 5 2 7 2 3 2 11
1000000101111011 3 2 5 2 7 2 3 2 7
1000000110000001 3 2 5 2 7 2 3 2 11
1000000110000111 3 2 3 2 7 2 3 2 3
1000000110001101 3 2 3 2 7 2 3 2 3
1000000110010101 7 2 3 2 43 2 73 2 3
1000000110100011 7 2 3 2 43 2 73 2 3
1000000110110001 3 2 3 2 7 2 3 2 3
1000000110111111 5 13 3 19 19 3 11 7 3
